output
kW
0
0
0
0.062
0.349
0.546
0.683
0.765
0.800
0.795
0.749
0.661
0.525
0.331
0.078
0
0
0
0
0
0
0
0
0
0
0
0
0.083
0.383
0.576
0.706
0.783
0.816
0.808
0.762
0.672
0.537
0.340
0.082
0
0
0
0
0
0
0
0
0
0
0
0
0.078
0.374
0.569
0.701
0.781
0.814
0.807
0.759
0.667
0.526
0.326
0.073
0
0
0
0
0
0
0
0
0
0
0
0
0.076
0.372
0.566
0.696
0.775
0.808
0.799
0.751
0.660
0.522
0.322
0.070
0
0
0
0
0
0
0
0
0
0
0
0
0.102
0.421
0.608
0.734
0.811
0.843
0.834
0.784
0.691
0.546
0.340
0.080
0
0
0
0
0
0
0
0
0
0
0
0
0.086
0.395
0.589
0.723
0.802
0.836
0.827
0.782
0.692
0.536
0.315
0.067
0
0
0
0
0
0
0
0
0
0
0
0
0.072
0.371
0.569
0.703
0.783
0.817
0.809
0.761
0.669
0.529
0.329
0.079
0
0
0
0
0
0
0
0
0
0
0
0
0.068
0.360
0.558
0.691
0.770
0.803
0.795
0.747
0.656
0.517
0.319
0.076
0
0
0
0
0
0
0
0
0
0
0
0
0.069
0.357
0.555
0.688
0.767
0.799
0.793
0.745
0.655
0.518
0.323
0.080
0
0
0
0
0
0
0
0
0
0
0
0
0.067
0.350
0.545
0.679
0.759
0.791
0.785
0.736
0.645
0.507
0.311
0.073
0
0
0
0
0
0
0
0
0
0
0
0
0.068
0.352
0.546
0.678
0.757
0.791
0.785
0.737
0.647
0.510
0.314
0.074
0
0
0
0
0
0
0
0
0
0
0
0
0.066
0.354
0.547
0.678
0.755
0.788
0.779
0.731
0.639
0.499
0.301
0.065
0
0
0
0
0
0
0
0
0
0
0
0
0.050
0.295
0.540
0.673
0.751
0.785
0.776
0.728
0.636
0.498
0.299
0.051
0
0
0
0
0
0
0
0
0
0
0
0
0.030
0.260
0.481
0.635
0.722
0.742
0.690
0.621
0.523
0.362
0.175
0.025
0
0
0
0
0
0
0
0
0
0
0
0
0.031
0.246
0.501
0.642
0.732
0.775
0.771
0.723
0.632
0.489
0.285
0.048
0
0
0
0
0
0
0
0
0
0
0
0
0.035
0.225
0.442
0.637
0.741
0.774
0.769
0.726
0.634
0.489
0.268
0.029
0
0
0
0
0
0
0
0
0
